$ANSIBLE_VAULT;1.1;AES256
34313731653138373839363765303664323462336364623863306638666335373766396532346236
6136653737356465363930663832666139313734303832380a633932316535313139316436613764
64316437333966613536333838626166346632393935373139393132373132633235373639353063
6365313161353966340a353731373239376361346331323961663735616361376238623561333534
66626162663362363862633834333665396134653161613139616634633835393938633835646161
36613461343035623361376430373334323062313336306563303132636562333335646435666161
36316162366466383764366335373934336534356438346439356561613266613235313362626264
66393862396366353466353039326632663236303461393032656138643738393637333637346364
64343236653830346464666161633731643533326530646263323532663131626539386665323964
66313430636139336363313162393637623538383437353663613637393239616530666534626163
64626534666165343234356665393131363630663638306436336337383237306536376534383332
64626333333935366336303163613138646537643366653161383866363437353864656561666364
61613263316364666236363361666631313334383639376137643565623362626665353163343030
63363438393162623732386235653236363764343561353235373136366334333431363839346661
38313465643839333862393463303830316138363063356133646537383463666265343762613231
39626637333265396563333631336436383163396165376161626231643062323964356136353164
35303531646434393632646537393061363237333363616162383339633166656435336463383664
62626663353630336638363962396265386462633634636638383734643933376230333230356165
30646561643138393465353336646234383031303964616661663137623430366362396336653834
32393339353562316532373134616166626135666633373735613030623833393333653238623139
38633062343932333663346665326533356536333034323563383864326263623630323535626539
34343037633635356130646132366131363032366163306662306630393737306638366432333362
66373235346261313066373530626461643966386332663937643230613435613534343736326333
32616334336564383836356566633832393964353834376234633836336266613962316534626531
36656666303031636631353037396265636161306135326466326335396665343632346166376131
62616531346136343161373930663334326536336563626362376535333839383932373832613730
63663733393233323532396361663430323061656463346135393463346634633264323361353266
66613830613033313439323536656432333831656664326530366433646635653035646165663939
66666631376639366432363334383164613461363265333534636531316135336663303030653831
31666536383465363961386536363766323265353462343635396634343966326536323432353731
64633133373937366264643262336362613731656238653732336132616438353935323734303936
61313362613033376262656563336338393761323134663131313239613638643334646134393039
38626135633634636237626163353631313339633034396662623132346266653038646238303233
62343035656431646333363830323265666234626137666439383134353438323531656563313265
37636565613439653830663039306334393930646663633863336432623266313864383465343833
30616630393063323232623239356332656664633131393263393861633461373634383631303833
32616465633237633638626338636135323966636366326136616666316663653661636337333763
30306533353431646336303364646235306635336434656133343432383932643633636634386561
31316430643864616639316338633937386231323063663763613465353338653363623930663737
30613463636236303665303931656237636466363061303633343738653832646265626630666236
65343437626535653062303539393738386365353232653339613034396531623039306233323563
66666132626630376263326432656638393534303937393761656133616132626132633065343432
33613062643331373038666333323964613338613163336534306564613533656365613966616335
37353561323165313938393964373435656530613831656533336533616534353464376530633436
64613939366534336433303761626364613866353263623839326461623663353361333039636135
63643936393436613661303239633033663730643031353939663061316530646365343965396639
37353562333032363132343236303232666432386434656335643030636435303866663261643736
39383166626563613430
