$ANSIBLE_VAULT;1.1;AES256
36623530323233323933613065666234653464663662373938326534646162303739616630333134
6263313865626633626161363633333937396465643064610a333962356539333532343037653065
33383061333433363430353237636334333132633737623536633063313936323333303539376365
3531346162303330640a393961613763346366323939316561303138396636353331363634383739
66336164643730363335656261373735323231376561366666393237343734643861626432373330
35356334303231653034626337373039313662613938313437663633393830363431376635356461
61616639323066363731653266646162336238323264363438663764653634313062623230366666
36363132303161353339306531616336636638343531393935343038353633653366346431316230
33373938373439313633326535386131346639306362356163363265636366636532616264323232
65383334613238373364633332663332333661356539633564343938363531313232653464333862
38363263626633656632666235343337616566633636373766303038653930306233643264316439
61336364656364316362653532333331393461363264306637396135633938303266616562353934
35313133303832646664326466353661393937636461656237623166366361616238636437363731
33643531326432616338623265666564316365356238316164353961313932326564376166623638
35663561613038643230326532333832636435353164396661326664383362316164393537346434
31663431376536383666353331353730666666656536303232336561623031316561393635373535
30306139333930343466393665323363376130363863666230316330663731343132613437343935
63663831336362323165386332633731386161316133306533363464613437353430386330643731
61643338356338643830326130363232346635373137373238343331356439633238363534653566
34386161303561363364373634343438323638346663656533363364643861666166363061613061
3537
