$ANSIBLE_VAULT;1.1;AES256
65373035373230326137633933656663643833653062633963353562656431666130396633616236
6238316437626335313861643564333964383831353534370a656239343431363561326566386639
38313961613638326334653533383161303938336432366431653639306164383862396133306136
3036383564303335360a343563336133333732353131616266383865363066633932366532333165
66636431386661666464303635616530333637613630333832313734376434383433326333373465
66366235663836363239393536333533393235353936616630643865633463616339626266333764
35333038366166633466653838376531313432356366396135363335323863643461333835623861
30316437356136343963323661333066333233346130396433306438386364623864376663643564
65303931346139383164373138396133386630636336626234333338373364393533306439643265
66633466343937303032643736636632373335306462386263666664623238663531383630396237
35313835336431306231396634323265323732323235333366663934393739356532353630393339
35613531653963343464613532323338306431396661663533303832653066343634383432666336
39633733343463313665633436363435373431653366646432633733303564626462343638336137
39316466343639663061323530663036363734613263396535383332316333383636646537303061
61353732306533343938363434623037636634643662383066313863316332613731356561363132
39373865306661663334343965303061643661646631316632396634633064346136333836376264
33346130643831353634363664376434383131626132633166633237373435613432303138373730
61376430376431393138666534626337643233656263343134396265386437303834653332326266
31373464366665316237313231343230326232313032396431303036653835643835663365333366
64613666633034333639646236393362383036626164363661313935373737656561353734356435
62646265643330303163363862646362666566393339616265303639366165613865383630646562
31643436383731336465333831613861333837316438626533306536643635313233666530396664
37656334333130633262346537333633666134613234346638653064626562613835363735366631
33383034323665353831333435303766356137626565383837393234656339313765383263373336
33643661633738653461303866646434333835353235373461633537323739623063
